0 97
0 113
0 165
0 191
1 4
1 16
1 20
1 23
1 26
1 36
1 40
1 61
1 62
1 65
1 66
1 67
1 68
1 71
1 72
1 75
1 76
1 77
1 78
1 79
1 80
1 81
1 82
1 83
1 84
1 85
1 86
1 87
1 88
1 90
1 91
1 92
1 93
1 94
1 95
1 96
1 98
1 99
1 100
1 101
1 104
1 106
1 107
1 108
1 109
1 110
1 111
1 112
1 113
1 114
1 115
1 116
1 117
1 118
1 120
1 122
1 123
1 124
1 125
1 126
1 127
1 128
1 129
1 130
1 134
1 135
1 137
1 138
1 139
1 141
1 142
1 143
1 144
1 145
1 146
1 148
1 149
1 150
1 151
1 153
1 154
1 155
1 156
1 157
1 158
1 160
1 163
1 164
1 165
1 166
1 167
1 168
1 170
1 171
1 172
1 173
1 174
1 175
1 176
1 178
1 179
1 181
1 182
1 184
1 186
1 187
1 188
1 189
1 190
1 191
1 192
1 193
1 198
1 199
1 203
1 205
1 206
1 207
1 210
1 211
1 212
1 215
2 3
3 2
3 89
3 129
4 1
4 69
5 129
6 7
7 6
7 129
8 9
8 197
9 8
9 108
9 197
10 11
10 167
11 10
11 80
11 103
12 13
12 14
12 67
13 12
14 12
14 169
15 149
15 194
16 1
16 58
16 77
17 154
18 161
19 71
19 174
20 1
20 153
21 129
21 185
22 23
22 196
23 1
23 22
24 167
25 113
26 1
27 28
27 195
28 27
28 108
28 115
28 195
29 65
29 105
29 125
29 147
30 73
31 66
31 185
32 66
33 34
33 35
33 105
34 33
34 35
35 33
35 34
35 65
35 68
35 161
36 1
36 143
37 94
37 155
38 132
38 153
39 106
40 1
40 65
40 68
40 105
40 145
40 152
40 177
40 196
41 102
41 145
41 177
42 197
43 143
44 215
45 65
46 75
47 48
47 49
47 76
48 47
49 47
50 194
51 76
52 94
52 105
52 115
52 195
53 65
54 55
54 173
55 54
55 143
56 215
57 80
57 103
58 16
59 80
60 102
61 1
62 1
62 84
63 64
64 63
64 156
64 201
65 1
65 29
65 35
65 40
65 45
65 53
66 1
66 31
66 32
66 96
67 1
67 12
68 1
68 35
68 40
68 74
69 4
70 213
71 1
71 19
71 86
71 90
71 95
71 148
71 157
71 158
71 164
71 204
71 213
72 1
72 97
72 197
72 212
73 30
74 68
74 136
75 1
75 46
76 1
76 47
76 51
76 126
76 138
76 201
77 1
77 16
77 106
78 1
78 119
78 162
79 1
79 208
80 1
80 11
80 57
80 59
81 1
82 1
82 102
82 212
83 1
83 84
83 196
83 209
84 1
84 62
84 83
84 88
84 121
84 153
84 185
85 1
86 1
86 71
86 213
87 1
87 215
88 1
88 84
88 187
89 3
90 1
90 71
90 157
90 184
90 194
91 1
92 1
92 133
92 157
92 213
93 1
93 215
94 1
94 37
94 52
94 117
94 139
94 213
94 216
95 1
95 71
95 213
96 1
96 66
96 123
97 0
97 72
97 126
97 136
97 166
97 192
97 212
98 1
98 111
98 133
99 1
100 1
101 1
101 204
101 215
102 41
102 60
102 82
102 126
103 11
103 57
103 208
104 1
104 162
104 206
105 29
105 33
105 40
105 52
106 1
106 39
106 77
106 173
107 1
107 214
108 1
108 9
108 28
109 1
109 208
110 1
110 208
111 1
111 98
111 123
111 132
111 183
112 1
112 215
113 0
113 1
113 25
114 1
115 1
115 28
115 52
116 1
116 211
117 1
117 94
117 132
117 180
117 216
118 1
119 78
120 1
120 165
120 168
121 84
122 1
122 201
123 1
123 96
123 111
123 148
123 157
124 1
125 1
125 29
125 211
126 1
126 76
126 97
126 102
126 144
126 146
126 166
126 212
127 1
127 147
128 1
128 207
129 1
129 3
129 5
129 7
129 21
130 1
131 211
132 38
132 111
132 117
132 133
132 176
132 204
132 216
133 92
133 98
133 132
133 176
133 199
134 1
135 1
136 74
136 97
137 1
138 1
138 76
138 201
139 1
139 94
139 195
139 214
140 196
140 200
140 207
141 1
141 200
141 207
142 1
143 1
143 36
143 43
143 55
143 213
143 214
144 1
144 126
145 1
145 40
145 41
146 1
146 126
146 193
147 29
147 127
148 1
148 71
148 123
148 157
148 158
149 1
149 15
150 1
150 208
151 1
152 40
152 196
153 1
153 20
153 38
153 84
154 1
154 17
155 1
155 37
156 1
156 64
157 1
157 71
157 90
157 92
157 123
157 148
157 158
157 159
157 184
158 1
158 71
158 148
158 157
159 157
159 194
160 1
161 18
161 35
162 78
162 104
163 1
164 1
164 71
164 213
165 0
165 1
165 120
165 211
165 215
166 1
166 97
166 126
166 212
167 1
167 10
167 24
168 1
168 120
169 14
170 1
170 202
171 1
172 1
172 196
172 207
173 1
173 54
173 106
173 212
173 216
174 1
174 19
174 207
174 215
175 1
175 202
176 1
176 132
176 133
177 40
177 41
178 1
179 1
180 117
180 216
181 1
182 1
182 211
183 111
183 184
183 204
184 1
184 90
184 157
184 183
184 189
184 194
185 21
185 31
185 84
186 1
186 212
187 1
187 88
188 1
188 213
189 1
189 184
190 1
190 194
191 0
191 1
192 1
192 97
193 1
193 146
194 15
194 50
194 90
194 159
194 184
194 190
195 27
195 28
195 52
195 139
195 213
195 214
196 22
196 40
196 83
196 140
196 152
196 172
196 207
196 209
196 210
197 8
197 9
197 42
197 72
198 1
199 1
199 133
199 202
200 140
200 141
201 64
201 76
201 122
201 138
201 203
202 170
202 175
202 199
202 204
203 1
203 201
204 71
204 101
204 132
204 183
204 202
205 1
206 1
206 104
207 1
207 128
207 140
207 141
207 172
207 174
207 196
207 210
208 79
208 103
208 109
208 110
208 150
209 83
209 196
209 210
210 1
210 196
210 207
210 209
211 1
211 116
211 125
211 131
211 165
211 182
212 1
212 72
212 82
212 97
212 126
212 166
212 173
212 186
213 70
213 71
213 86
213 92
213 94
213 95
213 143
213 164
213 188
213 195
213 214
214 107
214 139
214 143
214 195
214 213
215 1
215 44
215 56
215 87
215 93
215 101
215 112
215 165
215 174
216 94
216 117
216 132
216 173
216 180
