0 4
1 1
2 1
3 1
4 1
5 1
6 1
7 1
8 1
9 1
10 1
11 1
12 1
13 1
14 1
15 1
16 1
17 1
18 1
19 1
20 1
21 1
22 1
23 1
24 1
25 1
26 1
27 1
28 1
29 1
30 1
31 1
32 1
33 1
34 1
35 1
36 1
37 1
38 1
39 1
40 1
41 1
42 1
43 1
44 1
45 1
46 1
47 1
48 1
49 1
50 1
51 1
52 1
53 1
54 1
55 1
56 1
57 1
58 1
59 1
60 1
61 3
62 3
63 3
64 4
65 3
66 2
67 3
68 3
69 2
70 5
71 2
72 5
73 2
74 3
75 3
76 3
77 3
78 3
79 3
80 3
81 3
82 3
83 3
84 3
85 3
86 3
87 3
88 3
89 2
90 3
91 3
92 3
93 3
94 2
95 3
96 3
97 2
98 3
99 5
100 5
101 3
102 3
103 2
104 3
105 3
106 3
107 3
108 3
109 3
110 3
111 5
112 3
113 3
114 3
115 3
116 5
117 3
118 3
119 3
120 3
121 3
122 3
123 2
124 3
125 3
126 3
127 3
128 5
129 2
130 5
131 2
132 2
133 4
134 3
135 3
136 3
137 3
138 3
139 3
140 3
141 3
142 3
143 3
144 3
145 3
146 3
147 2
148 3
149 3
150 3
151 3
152 3
153 3
154 3
155 3
156 3
157 3
158 4
159 4
160 3
161 2
162 2
163 3
164 3
165 3
166 3
167 3
168 3
169 2
170 3
171 3
172 3
173 3
174 3
175 3
176 3
177 3
178 3
179 3
180 3
181 3
182 3
183 3
184 3
185 3
186 2
187 3
188 5
189 3
190 3
191 3
192 3
193 3
194 2
195 2
196 2
197 2
198 2
199 2
200 2
201 2
202 2
203 4
204 4
205 4
206 4
207 4
208 4
209 4
210 4
211 4
212 4
213 4
214 4
215 4
216 4
