0 1
0 2
0 3
0 5
0 6
0 8
0 11
0 12
0 13
0 14
0 16
0 17
0 20
0 21
0 29
0 30
0 32
0 33
0 36
0 38
0 39
0 40
0 41
0 43
0 48
0 49
0 50
0 51
0 52
0 53
0 54
0 56
0 58
0 59
0 60
0 61
0 62
0 65
0 66
0 67
0 68
0 69
0 74
0 76
0 79
0 80
0 83
0 84
0 85
0 87
0 89
0 90
0 91
0 92
0 96
0 100
0 101
0 102
0 104
0 107
0 108
0 113
0 115
0 116
0 117
0 119
0 121
0 122
0 123
0 124
0 129
0 131
0 132
0 134
0 135
0 136
0 137
0 138
0 139
0 140
0 141
0 142
0 143
0 144
0 148
0 150
0 153
0 154
0 155
0 158
0 163
0 164
0 167
0 168
0 173
0 174
0 175
0 176
0 177
0 178
0 180
0 181
0 182
1 0
1 8
1 29
1 71
1 90
1 95
1 96
1 100
1 107
1 108
1 117
1 120
1 123
1 129
1 146
1 164
2 0
2 10
2 22
3 0
3 4
4 3
5 0
6 0
6 93
7 161
8 0
8 1
9 138
10 2
10 22
10 177
11 0
11 52
12 0
12 37
12 79
13 0
13 94
13 121
14 0
15 24
16 0
17 0
18 125
19 167
20 0
20 72
20 73
21 0
22 2
22 10
22 34
22 38
23 24
24 15
24 23
24 28
24 79
24 128
25 95
26 27
26 126
27 26
28 24
29 0
29 1
29 107
30 0
31 57
31 155
31 167
32 0
32 36
32 118
32 141
32 148
32 154
32 159
32 173
33 0
33 139
33 155
34 22
34 35
35 34
35 120
36 0
36 32
36 74
36 159
37 12
37 66
37 89
38 0
38 22
39 0
39 112
40 0
41 0
41 114
42 95
43 0
43 44
43 155
44 43
45 114
45 172
46 105
47 48
47 75
48 0
48 47
48 103
48 104
48 127
48 136
48 143
48 149
48 163
49 0
50 0
51 0
52 0
52 11
53 0
54 0
55 110
56 0
56 57
57 31
57 56
58 0
58 164
59 0
60 0
61 0
61 130
62 0
62 109
63 80
64 137
64 139
65 0
66 0
66 37
67 0
68 0
68 94
69 0
69 70
69 121
70 69
71 1
71 123
71 126
72 20
72 73
72 155
73 20
73 72
74 0
74 36
74 75
75 47
75 74
76 0
76 125
77 78
77 126
77 137
78 77
78 137
79 0
79 12
79 24
80 0
80 63
80 81
80 82
80 126
81 80
82 80
82 137
83 0
84 0
85 0
85 167
86 92
87 0
88 114
89 0
89 37
89 121
90 0
90 1
90 107
91 0
91 164
92 0
92 86
92 120
92 146
93 6
93 126
93 169
94 13
94 68
94 121
94 155
95 1
95 25
95 42
95 96
95 143
95 147
95 157
96 0
96 1
96 95
96 97
96 98
96 99
96 126
97 96
98 96
98 147
99 96
100 0
100 1
100 107
101 0
102 0
103 48
104 0
104 48
105 46
106 157
107 0
107 1
107 29
107 90
107 100
107 117
107 129
107 143
107 176
108 0
108 1
108 109
108 110
108 111
108 112
108 126
109 62
109 108
110 55
110 108
111 108
111 137
112 39
112 108
112 116
113 0
114 41
114 45
114 88
114 140
114 152
114 170
114 171
114 182
115 0
116 0
116 112
116 139
117 0
117 1
117 107
118 32
119 0
120 1
120 35
120 92
121 0
121 13
121 69
121 89
121 94
122 0
123 0
123 1
123 71
124 0
125 18
125 76
125 126
125 127
126 26
126 71
126 77
126 80
126 93
126 96
126 108
126 125
126 129
126 133
126 164
126 165
126 170
127 48
127 125
128 24
129 0
129 1
129 107
129 126
129 130
129 131
129 176
130 61
130 129
131 0
131 129
132 0
132 167
133 126
134 0
134 145
135 0
135 137
136 0
136 48
137 0
137 64
137 77
137 78
137 82
137 111
137 135
137 144
138 0
138 9
139 0
139 33
139 64
139 116
139 144
139 158
140 0
140 114
141 0
141 32
142 0
143 0
143 48
143 95
143 107
144 0
144 137
144 139
145 134
146 1
146 92
147 95
147 98
148 0
148 32
148 159
149 48
150 0
151 178
152 114
153 0
154 0
154 32
155 0
155 31
155 33
155 43
155 72
155 94
155 156
155 159
155 161
156 155
157 95
157 106
158 0
158 139
159 32
159 36
159 148
159 155
159 160
159 161
159 162
159 173
160 159
161 7
161 155
161 159
161 181
162 159
163 0
163 48
164 0
164 1
164 58
164 91
164 126
165 126
165 167
166 181
167 0
167 19
167 31
167 85
167 132
167 165
168 0
169 93
170 114
170 126
170 171
171 114
171 170
172 45
173 0
173 32
173 159
174 0
175 0
176 0
176 107
176 129
177 0
177 10
178 0
178 151
178 179
179 178
180 0
181 0
181 161
181 166
182 0
182 114
