0 1
1 4
2 3
3 1
4 2
5 3
6 3
7 3
8 2
9 1
10 2
11 4
12 3
13 3
14 3
15 3
16 3
17 3
18 4
19 3
20 3
21 3
22 4
23 3
24 4
25 3
26 2
27 1
28 3
29 3
30 3
31 2
32 4
33 2
34 3
35 1
36 3
37 2
38 3
39 3
40 3
41 3
42 3
43 2
44 1
45 3
46 3
47 3
48 3
49 2
50 3
51 3
52 3
53 3
54 3
55 3
56 3
57 1
58 3
59 3
60 3
61 3
62 3
63 1
64 3
65 3
66 3
67 3
68 3
69 3
70 1
71 2
72 2
73 4
74 2
75 1
76 4
77 2
78 1
79 3
80 2
81 1
82 1
83 3
84 2
85 3
86 3
87 3
88 3
89 3
90 3
91 3
92 4
93 2
94 2
95 4
96 2
97 1
98 1
99 1
100 3
101 3
102 2
103 3
104 3
105 3
106 4
107 4
108 2
109 1
110 1
111 1
112 1
113 3
114 4
115 3
116 3
117 3
118 3
119 3
120 2
121 4
122 3
123 4
124 3
125 2
126 1
127 1
128 3
129 2
130 1
131 1
132 3
133 3
134 3
135 2
136 3
137 3
138 3
139 4
140 3
141 3
142 3
143 3
144 3
145 3
146 5
147 3
148 3
149 3
150 3
151 1
152 3
153 3
154 3
155 3
156 1
157 3
158 3
159 2
160 1
161 1
162 1
163 3
164 2
165 2
166 1
167 4
168 2
169 3
170 2
171 1
172 1
173 3
174 3
175 3
176 3
177 3
178 3
179 1
180 3
181 3
182 3
