0 121
0 167
1 121
2 7
2 12
2 58
2 66
2 72
2 75
2 76
2 113
2 144
2 182
3 78
4 95
4 149
5 12
5 78
5 122
5 151
6 76
6 144
7 2
7 76
7 182
8 94
9 103
9 104
10 53
10 112
10 126
10 145
10 164
11 74
12 2
12 5
12 13
12 14
12 21
12 22
12 30
12 34
12 40
12 41
12 42
12 43
12 44
12 45
12 46
12 47
12 48
12 49
12 50
12 51
12 52
12 55
12 56
12 57
12 62
12 63
12 64
12 66
12 68
12 70
12 72
12 75
12 77
12 81
12 82
12 84
12 86
12 87
12 88
12 91
12 92
12 94
12 96
12 99
12 100
12 101
12 104
12 105
12 106
12 107
12 108
12 109
12 110
12 112
12 113
12 114
12 115
12 116
12 117
12 118
12 119
12 121
12 127
12 128
12 129
12 132
12 135
12 136
12 138
12 139
12 142
12 143
12 145
12 148
12 150
12 151
12 152
12 153
12 154
12 155
12 158
12 161
12 163
12 165
12 167
12 168
12 169
12 170
12 171
12 172
12 174
12 175
12 176
12 177
13 12
14 12
15 16
16 15
17 146
18 61
18 65
18 70
18 85
18 178
19 34
20 123
20 178
21 12
21 70
22 12
23 61
23 65
23 70
23 85
23 94
23 136
23 148
24 83
24 99
24 120
25 61
25 65
25 83
25 85
25 118
25 123
26 94
27 120
28 164
29 63
29 164
30 12
30 178
31 62
31 96
31 102
31 103
31 105
31 110
31 147
31 157
31 171
32 53
33 147
34 12
34 19
35 115
36 99
37 110
37 149
38 102
38 105
38 171
38 187
39 79
39 105
39 140
39 148
39 178
40 12
40 67
41 12
41 63
42 12
42 151
43 12
44 12
45 12
46 12
47 12
48 12
49 12
49 135
50 12
51 12
52 12
53 10
53 32
53 60
53 96
53 155
54 72
54 107
55 12
56 12
56 59
56 85
57 12
58 2
58 145
59 56
59 62
59 103
59 191
59 192
60 53
60 85
61 18
61 23
61 25
61 85
62 12
62 31
62 59
63 12
63 29
63 41
63 155
63 164
63 189
64 12
65 18
65 23
65 25
65 85
66 2
66 12
66 108
66 180
67 40
68 12
69 179
69 188
70 12
70 18
70 21
70 23
71 73
72 2
72 12
72 54
72 99
72 107
72 115
72 185
73 71
74 11
75 2
75 12
76 2
76 6
76 7
76 182
77 12
77 121
78 3
78 5
79 39
80 139
80 142
81 12
82 12
83 24
83 25
83 115
84 12
85 18
85 23
85 25
85 56
85 60
85 61
85 65
85 94
86 12
87 12
88 12
88 164
88 179
88 187
88 188
88 189
89 185
90 171
91 12
92 12
92 140
93 191
94 8
94 12
94 23
94 26
94 85
95 4
95 191
95 192
96 12
96 31
96 53
96 191
97 185
98 190
99 12
99 24
99 36
99 72
100 12
101 12
101 140
101 180
102 31
102 38
103 9
103 31
103 59
104 9
104 12
105 12
105 31
105 38
105 39
106 12
107 12
107 54
107 72
107 185
108 12
108 66
108 180
109 12
109 145
110 12
110 31
110 37
110 191
110 192
111 140
112 10
112 12
112 145
113 2
113 12
114 12
115 12
115 35
115 72
115 83
116 12
117 12
118 12
118 25
119 12
120 24
120 27
121 0
121 1
121 12
121 77
121 193
122 5
123 20
123 25
124 125
125 124
126 10
126 145
126 189
127 12
128 12
129 12
130 131
131 130
132 12
132 133
133 132
134 135
135 12
135 49
135 134
135 154
135 168
136 12
136 23
136 137
137 136
138 12
139 12
139 80
139 142
140 39
140 92
140 101
140 111
141 186
142 12
142 80
142 139
143 12
144 2
144 6
145 10
145 12
145 58
145 109
145 112
145 126
145 162
145 181
146 17
146 169
147 31
147 33
148 12
148 23
148 39
148 191
148 192
149 4
149 37
149 191
149 192
150 12
151 5
151 12
151 42
152 12
153 12
154 12
154 135
154 168
155 12
155 53
155 63
155 190
156 182
157 31
157 191
157 192
158 12
159 161
160 161
161 12
161 159
161 160
162 145
163 12
164 10
164 28
164 29
164 63
164 88
164 179
164 188
164 189
165 12
166 167
167 0
167 12
167 166
168 12
168 135
168 154
169 12
169 146
170 12
171 12
171 31
171 38
171 90
172 12
172 191
173 174
174 12
174 173
175 12
176 12
177 12
178 18
178 20
178 30
178 39
179 69
179 88
179 164
179 187
179 188
179 189
180 66
180 101
180 108
181 145
181 183
182 2
182 7
182 76
182 156
183 181
184 185
185 72
185 89
185 97
185 107
185 184
186 141
187 38
187 88
187 179
187 188
188 69
188 88
188 164
188 179
188 187
189 63
189 88
189 126
189 164
189 179
190 98
190 155
191 59
191 93
191 95
191 96
191 110
191 148
191 149
191 157
191 172
191 192
191 194
192 59
192 95
192 110
192 148
192 149
192 157
192 191
192 194
193 121
194 191
194 192
