0 3
1 3
2 4
3 1
4 1
5 1
6 4
7 5
8 1
9 1
10 5
11 4
12 1
13 1
14 1
15 1
16 1
17 1
18 1
19 1
20 1
21 1
22 1
23 1
24 1
25 1
26 1
27 1
28 1
29 1
30 1
31 1
32 1
33 1
34 1
35 1
36 1
37 1
38 1
39 1
40 1
41 1
42 2
43 5
44 5
45 2
46 2
47 2
48 2
49 2
50 2
51 2
52 2
53 2
54 2
55 3
56 3
57 3
58 3
59 3
60 3
61 3
62 3
63 3
64 3
65 3
66 2
67 2
68 5
69 3
70 3
71 2
72 3
73 5
74 5
75 2
76 5
77 3
78 3
79 2
80 3
81 2
82 3
83 3
84 3
85 3
86 3
87 2
88 3
89 3
90 3
91 3
92 3
93 3
94 3
95 3
96 3
97 5
98 3
99 2
100 3
101 3
102 3
103 3
104 3
105 3
106 3
107 3
108 3
109 3
110 3
111 3
112 3
113 2
114 3
115 2
116 5
117 5
118 3
119 3
120 3
121 2
122 3
123 3
124 1
125 2
126 3
127 3
128 3
129 3
130 1
131 3
132 5
133 4
134 1
135 3
136 2
137 4
138 3
139 3
140 2
141 5
142 2
143 5
144 5
145 5
146 2
147 2
148 3
149 3
150 3
151 3
152 3
153 3
154 3
155 3
156 3
157 3
158 3
159 1
160 4
161 2
162 3
163 2
164 2
165 3
166 4
167 2
168 3
169 3
170 3
171 3
172 3
173 4
174 5
175 3
176 3
177 3
178 3
179 4
180 4
181 4
182 4
183 4
184 1
185 4
186 4
187 4
188 4
189 4
190 4
191 1
192 1
193 5
194 5
