0 1
0 3
0 212
0 215
0 260
1 0
1 3
1 113
2 190
3 0
3 1
3 10
3 11
3 12
3 14
3 15
3 16
3 21
3 22
3 23
3 25
3 27
3 28
3 29
3 30
3 33
3 34
3 35
3 36
3 37
3 40
3 42
3 44
3 47
3 48
3 54
3 55
3 59
3 73
3 74
3 77
3 78
3 79
3 86
3 89
3 91
3 92
3 97
3 106
3 107
3 108
3 109
3 110
3 112
3 113
3 114
3 116
3 119
3 120
3 123
3 124
3 126
3 128
3 129
3 132
3 135
3 138
3 142
3 146
3 154
3 155
3 156
3 157
3 158
3 159
3 160
3 161
3 164
3 167
3 170
3 173
3 175
3 178
3 179
3 180
3 181
3 183
3 187
3 188
3 189
3 190
3 194
3 195
3 197
3 200
3 201
3 202
3 203
3 204
3 211
3 212
3 213
3 214
3 215
3 216
3 217
3 218
3 219
3 220
3 221
3 223
3 224
3 225
3 227
3 228
3 231
3 235
3 242
3 243
3 244
3 245
3 246
3 247
3 248
3 249
3 251
3 252
3 254
3 255
3 259
3 261
4 33
4 121
4 190
5 187
6 8
6 31
6 100
6 187
7 96
8 6
8 11
8 43
9 11
9 34
9 73
9 82
9 123
9 124
10 3
10 89
10 203
11 3
11 8
11 9
11 34
11 82
11 123
11 169
11 181
12 3
12 47
12 48
13 36
13 92
13 101
14 3
14 214
14 215
15 3
15 70
15 162
15 229
16 3
16 58
17 18
17 75
17 146
18 17
18 19
18 75
18 146
19 18
19 20
19 75
19 144
19 146
20 19
20 75
20 146
21 3
22 3
23 3
23 47
23 48
24 65
25 3
25 168
25 256
26 32
26 35
27 3
27 47
27 48
28 3
28 29
28 30
28 46
28 53
28 86
28 215
28 235
29 3
29 28
29 46
30 3
30 28
30 53
31 6
32 26
33 3
33 4
33 47
33 48
33 69
34 3
34 9
34 11
34 82
35 3
35 26
35 49
35 50
35 66
35 69
35 198
36 3
36 13
36 76
36 92
36 162
36 221
36 245
37 3
37 65
37 258
38 39
39 38
39 53
40 3
40 41
40 190
41 40
42 3
42 53
43 8
43 223
44 3
44 56
44 57
45 138
46 28
46 29
46 51
46 83
46 117
46 147
46 196
46 235
47 3
47 12
47 23
47 27
47 33
47 49
47 50
47 102
47 122
47 131
47 192
47 193
47 198
47 231
47 240
48 3
48 12
48 23
48 27
48 33
48 102
48 122
48 131
48 193
48 231
48 240
49 35
49 47
49 120
49 125
49 128
49 139
49 142
49 165
49 199
49 233
50 35
50 47
50 120
50 125
50 128
50 139
50 142
50 165
50 199
50 233
51 46
51 52
51 154
51 155
51 225
51 237
52 51
52 53
53 28
53 30
53 39
53 42
53 52
53 87
53 88
53 105
53 106
53 111
53 147
53 148
53 152
53 154
53 160
53 163
53 182
53 241
53 247
53 248
54 3
55 3
56 44
56 250
56 253
57 44
57 138
58 16
59 3
59 232
60 171
61 151
61 223
62 164
62 186
63 64
63 109
63 112
63 128
63 187
64 63
64 166
65 24
65 37
65 189
65 232
66 35
66 141
66 189
66 232
66 248
67 68
68 67
69 33
69 35
69 81
69 189
69 190
69 249
70 15
70 138
70 155
71 106
71 110
71 112
72 146
73 3
73 9
74 3
75 17
75 18
75 19
75 20
75 92
75 146
75 226
75 239
75 252
76 36
76 92
76 101
76 252
77 3
77 79
78 3
78 79
79 3
79 77
79 78
79 80
80 79
81 69
81 100
81 107
81 130
81 181
81 187
81 251
82 9
82 11
82 34
82 134
82 191
83 46
84 86
84 164
84 212
84 218
85 86
85 218
86 3
86 28
86 84
86 85
86 158
86 207
86 208
86 209
86 210
86 211
87 53
87 88
88 53
88 87
89 3
89 10
89 177
90 214
91 3
91 162
92 3
92 13
92 36
92 75
92 76
92 138
92 206
92 226
92 245
92 252
93 94
93 95
93 96
94 93
94 96
95 93
95 96
96 7
96 93
96 94
96 95
97 3
98 128
98 142
98 155
99 155
100 6
100 81
101 13
101 76
101 104
101 133
102 47
102 48
103 184
104 101
105 53
105 106
106 3
106 53
106 71
106 105
106 213
106 258
107 3
107 81
107 187
108 3
108 138
109 3
109 63
109 144
110 3
110 71
111 53
111 112
112 3
112 63
112 71
112 111
113 1
113 3
114 3
114 227
115 116
116 3
116 115
117 46
117 118
118 117
119 3
120 3
120 49
120 50
120 198
121 4
122 47
122 48
123 3
123 9
123 11
124 3
124 9
125 49
125 50
125 198
126 3
126 187
127 128
128 3
128 49
128 50
128 63
128 98
128 127
128 198
129 3
130 81
130 185
131 47
131 48
132 3
132 174
133 101
134 82
135 3
136 137
137 136
138 3
138 45
138 57
138 70
138 92
138 108
138 146
138 205
138 226
138 256
139 49
139 50
139 198
140 252
141 66
141 248
142 3
142 49
142 50
142 98
142 198
143 195
144 19
144 109
144 145
144 258
145 144
145 146
146 3
146 17
146 18
146 19
146 20
146 72
146 75
146 138
146 145
146 206
146 216
146 226
146 252
147 46
147 53
147 149
148 53
148 149
149 147
149 148
150 223
151 61
152 53
152 153
153 152
154 3
154 51
154 53
154 155
155 3
155 51
155 70
155 98
155 99
155 154
156 3
156 253
157 3
157 174
158 3
158 86
159 3
159 162
159 221
160 3
160 53
160 161
161 3
161 160
162 15
162 36
162 91
162 159
162 220
162 221
162 245
163 53
163 164
164 3
164 62
164 84
164 163
165 49
165 50
165 198
166 64
166 191
166 200
166 223
166 255
167 3
168 25
168 174
169 11
169 223
170 3
171 60
171 172
171 176
172 171
172 176
172 215
173 3
173 176
174 132
174 157
174 168
174 234
174 252
174 256
175 3
176 171
176 172
176 173
177 89
178 3
179 3
179 200
180 3
180 253
181 3
181 11
181 81
181 187
182 53
182 183
183 3
183 182
184 103
185 130
185 251
186 62
187 3
187 5
187 6
187 63
187 81
187 107
187 126
187 181
187 251
187 254
188 3
189 3
189 65
189 66
189 69
190 2
190 3
190 4
190 40
190 69
190 259
191 82
191 166
191 200
192 47
192 193
193 47
193 48
193 192
194 3
195 3
195 143
196 46
197 3
198 35
198 47
198 120
198 125
198 128
198 139
198 142
198 165
198 199
198 233
199 49
199 50
199 198
200 3
200 166
200 179
200 191
201 3
202 3
203 3
203 10
204 3
205 138
205 252
206 92
206 146
207 86
207 210
207 211
208 86
208 209
208 211
209 86
209 208
209 211
210 86
210 207
210 211
211 3
211 86
211 207
211 208
211 209
211 210
212 0
212 3
212 84
213 3
213 106
213 214
214 3
214 14
214 90
214 213
214 215
215 0
215 3
215 14
215 28
215 172
215 214
216 3
216 146
216 252
217 3
218 3
218 84
218 85
218 219
219 3
219 218
220 3
220 162
221 3
221 36
221 159
221 162
221 245
222 223
223 3
223 43
223 61
223 150
223 166
223 169
223 222
224 3
225 3
225 51
226 75
226 92
226 138
226 146
226 252
227 3
227 114
227 228
228 3
228 227
229 15
230 231
231 3
231 47
231 48
231 230
232 59
232 65
232 66
233 49
233 50
233 198
234 174
235 3
235 28
235 46
235 236
236 235
237 51
237 238
238 237
239 75
240 47
240 48
241 53
241 242
242 3
242 241
243 3
244 3
245 3
245 36
245 92
245 162
245 221
246 3
247 3
247 53
247 248
247 257
248 3
248 53
248 66
248 141
248 247
249 3
249 69
250 56
251 3
251 81
251 185
251 187
251 253
252 3
252 75
252 76
252 92
252 140
252 146
252 174
252 205
252 216
252 226
252 256
253 56
253 156
253 180
253 251
254 3
254 187
255 3
255 166
256 25
256 138
256 174
256 252
257 247
258 37
258 106
258 144
259 3
259 190
260 0
261 3
