0 4
1 2
2 1
3 1
4 4
5 4
6 4
7 4
8 4
9 4
10 4
11 4
12 3
13 3
14 3
15 3
16 2
17 1
18 1
19 1
20 1
21 3
22 3
23 3
24 2
25 2
26 1
27 3
28 3
29 1
30 1
31 3
32 3
33 3
34 5
35 3
36 3
37 3
38 3
39 1
40 2
41 1
42 3
43 2
44 3
45 3
46 1
47 1
48 1
49 1
50 1
51 1
52 1
53 1
54 1
55 1
56 1
57 1
58 1
59 1
60 1
61 1
62 1
63 1
64 1
65 1
66 1
67 1
68 1
69 1
70 1
71 1
72 3
73 5
74 3
75 2
76 3
77 1
78 1
79 2
80 1
81 4
82 2
83 1
84 1
85 1
86 2
87 1
88 3
89 5
90 3
91 3
92 3
93 1
94 1
95 1
96 2
97 3
98 1
99 2
100 5
101 4
102 3
103 3
104 2
105 1
106 3
107 3
108 3
109 3
110 3
111 1
112 3
113 3
114 3
115 1
116 2
117 1
118 3
119 3
120 3
121 3
122 3
123 3
124 3
125 3
126 3
127 1
128 3
129 3
130 3
131 3
132 3
133 3
134 3
135 3
136 1
137 2
138 2
139 3
140 5
141 2
142 3
143 3
144 1
145 1
146 2
147 1
148 1
149 3
150 3
151 3
152 1
153 3
154 1
155 3
156 3
157 5
158 3
159 3
160 1
161 3
162 4
163 1
164 3
165 3
166 2
167 3
168 3
169 5
170 3
171 2
172 4
173 4
174 4
175 3
176 3
177 5
178 3
179 3
180 3
181 4
182 1
183 3
184 2
185 2
186 2
187 2
188 3
189 3
190 3
191 3
192 1
193 3
194 3
195 2
196 1
197 3
198 1
199 2
200 3
201 3
202 3
203 5
204 3
205 3
206 3
207 4
208 4
209 4
210 4
211 3
212 1
213 1
214 2
215 4
216 3
217 3
218 3
219 2
220 3
221 2
222 1
223 2
224 3
225 3
226 3
227 1
228 2
229 3
230 1
231 3
232 3
233 3
234 3
235 1
236 3
237 1
238 3
239 3
240 3
241 1
242 3
243 3
244 3
245 3
246 3
247 1
248 3
249 3
250 3
251 5
252 4
253 2
254 3
255 3
256 3
257 3
258 1
259 2
260 2
261 2
